[gd_scene load_steps=69 format=3 uid="uid://csgc18ehucfs6"]

[ext_resource type="Texture2D" uid="uid://cacrbe040635a" path="res://models/Enemies/monster/fbx/warriror.fbm/orccyborkampen_Mat_diffuseOriginal.png" id="1_kchad"]

[sub_resource type="StandardMaterial3D" id="StandardMaterial3D_riebr"]
resource_name = "basecolor"
albedo_color = Color(1, 1, 1, 1)
metallic = 0.4
roughness = 0.272166

[sub_resource type="ArrayMesh" id="ArrayMesh_6iu77"]
resource_name = "Root Scene_shoulderplates"
_surfaces = [{
"aabb": AABB(-0.442935, 1.54064, -0.204507, 0.88587, 0.350271, 0.361256),
"attribute_data": PackedByteArray(44, 167, 224, 63, 110, 174, 126, 63, 0, 0, 0, 0, 0, 0, 128, 63, 65, 174, 224, 63, 91, 64, 120, 63, 0, 0, 0, 0, 0, 0, 128, 63, 80, 140, 225, 63, 17, 5, 120, 63, 0, 0, 0, 0, 0, 0, 128, 63, 206, 255, 223, 63, 149, 18, 127, 63, 0, 0, 0, 0, 0, 0, 128, 63, 95, 224, 224, 63, 72, 145, 111, 63, 0, 0, 0, 0, 0, 0, 128, 63, 202, 247, 223, 63, 102, 55, 111, 63, 0, 0, 0, 0, 0, 0, 128, 63, 154, 37, 243, 63, 61, 81, 80, 63, 0, 0, 0, 0, 0, 0, 128, 63, 86, 176, 251, 63, 130, 26, 68, 63, 0, 0, 0, 0, 0, 0, 128, 63, 8, 160, 255, 63, 125, 54, 87, 63, 0, 0, 0, 0, 0, 0, 128, 63, 70, 245, 241, 63, 174, 215, 66, 63, 0, 0, 0, 0, 0, 0, 128, 63, 59, 101, 244, 63, 116, 119, 56, 63, 0, 0, 0, 0, 0, 0, 128, 63, 14, 159, 255, 63, 128, 29, 53, 63, 0, 0, 0, 0, 0, 0, 128, 63, 148, 14, 121, 63, 164, 207, 16, 63, 0, 0, 0, 0, 0, 0, 128, 63, 72, 163, 114, 63, 72, 234, 27, 63, 0, 0, 0, 0, 0, 0, 128, 63, 144, 70, 116, 63, 100, 134, 15, 63, 0, 0, 0, 0, 0, 0, 128, 63, 168, 5, 120, 63, 86, 2, 29, 63, 0, 0, 0, 0, 0, 0, 128, 63, 140, 158, 99, 63, 136, 118, 20, 63, 0, 0, 0, 0, 0, 0, 128, 63, 242, 159, 100, 63, 136, 202, 14, 63, 0, 0, 0, 0, 0, 0, 128, 63, 250, 26, 116, 63, 188, 103, 49, 63, 0, 0, 0, 0, 0, 0, 128, 63, 42, 172, 112, 63, 98, 44, 47, 63, 0, 0, 0, 0, 0, 0, 128, 63, 166, 14, 121, 63, 84, 69, 0, 63, 0, 0, 0, 0, 0, 0, 128, 63, 180, 171, 115, 63, 92, 182, 0, 63, 0, 0, 0, 0, 0, 0, 128, 63, 148, 10, 99, 63, 56, 197, 7, 63, 0, 0, 0, 0, 0, 0, 128, 63, 220, 77, 120, 63, 232, 204, 217, 62, 0, 0, 0, 0, 0, 0, 128, 63, 16, 120, 94, 63, 54, 63, 0, 63, 0, 0, 0, 0, 0, 0, 128, 63, 70, 103, 115, 63, 240, 187, 219, 62, 0, 0, 0, 0, 0, 0, 128, 63, 192, 99, 93, 63, 80, 226, 14, 63, 0, 0, 0, 0, 0, 0, 128, 63, 50, 217, 94, 63, 166, 44, 28, 63, 0, 0, 0, 0, 0, 0, 128, 63, 60, 253, 253, 63, 230, 227, 95, 63, 0, 0, 0, 0, 0, 0, 128, 63, 237, 163, 247, 63, 97, 187, 114, 63, 0, 0, 0, 0, 0, 0, 128, 63, 126, 168, 245, 63, 58, 68, 102, 63, 0, 0, 0, 0, 0, 0, 128, 63, 200, 110, 242, 63, 186, 202, 114, 63, 0, 0, 0, 0, 0, 0, 128, 63, 226, 90, 245, 63, 16, 37, 123, 63, 0, 0, 0, 0, 0, 0, 128, 63, 214, 252, 253, 63, 50, 66, 127, 63, 0, 0, 0, 0, 0, 0, 128, 63, 65, 174, 224, 63, 91, 64, 120, 63, 0, 0, 0, 0, 0, 0, 128, 63, 44, 167, 224, 63, 110, 174, 126, 63, 0, 0, 0, 0, 0, 0, 128, 63, 80, 140, 225, 63, 17, 5, 120, 63, 0, 0, 0, 0, 0, 0, 128, 63, 95, 224, 224, 63, 72, 145, 111, 63, 0, 0, 0, 0, 0, 0, 128, 63, 206, 255, 223, 63, 149, 18, 127, 63, 0, 0, 0, 0, 0, 0, 128, 63, 202, 247, 223, 63, 102, 55, 111, 63, 0, 0, 0, 0, 0, 0, 128, 63, 154, 37, 243, 63, 61, 81, 80, 63, 0, 0, 0, 0, 0, 0, 128, 63, 8, 160, 255, 63, 125, 54, 87, 63, 0, 0, 0, 0, 0, 0, 128, 63, 86, 176, 251, 63, 130, 26, 68, 63, 0, 0, 0, 0, 0, 0, 128, 63, 70, 245, 241, 63, 174, 215, 66, 63, 0, 0, 0, 0, 0, 0, 128, 63, 59, 101, 244, 63, 116, 119, 56, 63, 0, 0, 0, 0, 0, 0, 128, 63, 14, 159, 255, 63, 128, 29, 53, 63, 0, 0, 0, 0, 0, 0, 128, 63, 74, 135, 252, 63, 164, 207, 16, 63, 0, 0, 0, 0, 0, 0, 128, 63, 164, 81, 249, 63, 72, 234, 27, 63, 0, 0, 0, 0, 0, 0, 128, 63, 212, 2, 252, 63, 86, 2, 29, 63, 0, 0, 0, 0, 0, 0, 128, 63, 218, 213, 249, 63, 92, 182, 0, 63, 0, 0, 0, 0, 0, 0, 128, 63, 72, 35, 250, 63, 100, 134, 15, 63, 0, 0, 0, 0, 0, 0, 128, 63, 70, 207, 241, 63, 136, 118, 20, 63, 0, 0, 0, 0, 0, 0, 128, 63, 83, 135, 252, 63, 84, 69, 0, 63, 0, 0, 0, 0, 0, 0, 128, 63, 249, 79, 242, 63, 136, 202, 14, 63, 0, 0, 0, 0, 0, 0, 128, 63, 238, 38, 252, 63, 232, 204, 217, 62, 0, 0, 0, 0, 0, 0, 128, 63, 163, 179, 249, 63, 240, 187, 219, 62, 0, 0, 0, 0, 0, 0, 128, 63, 8, 60, 239, 63, 54, 63, 0, 63, 0, 0, 0, 0, 0, 0, 128, 63, 74, 133, 241, 63, 56, 197, 7, 63, 0, 0, 0, 0, 0, 0, 128, 63, 224, 177, 238, 63, 80, 226, 14, 63, 0, 0, 0, 0, 0, 0, 128, 63, 153, 108, 239, 63, 166, 44, 28, 63, 0, 0, 0, 0, 0, 0, 128, 63, 125, 13, 250, 63, 188, 103, 49, 63, 0, 0, 0, 0, 0, 0, 128, 63, 21, 86, 248, 63, 98, 44, 47, 63, 0, 0, 0, 0, 0, 0, 128, 63, 60, 253, 253, 63, 230, 227, 95, 63, 0, 0, 0, 0, 0, 0, 128, 63, 126, 168, 245, 63, 58, 68, 102, 63, 0, 0, 0, 0, 0, 0, 128, 63, 237, 163, 247, 63, 97, 187, 114, 63, 0, 0, 0, 0, 0, 0, 128, 63, 226, 90, 245, 63, 16, 37, 123, 63, 0, 0, 0, 0, 0, 0, 128, 63, 214, 252, 253, 63, 50, 66, 127, 63, 0, 0, 0, 0, 0, 0, 128, 63, 200, 110, 242, 63, 186, 202, 114, 63, 0, 0, 0, 0, 0, 0, 128, 63),
"bone_aabbs": [AABB(0, 0, 0, -1, -1, -1), AABB(0, 0, 0, -1, -1, -1), AABB(0, 0, 0, -1, -1, -1), AABB(0, 0, 0, -1, -1, -1), AABB(-0.442935, 1.54064, -0.204507, 0.88587, 0.350271, 0.361256), AABB(-0.442935, 1.54064, -0.204507, 0.88587, 0.350271, 0.345479), AABB(0.132628, 1.54064, -0.204507, 0.310307, 0.350271, 0.361256), AABB(0, 0, 0, -1, -1, -1), AABB(0.132628, 1.54064, -0.204507, 0.310307, 0.350271, 0.361256), AABB(0, 0, 0, -1, -1, -1), AABB(0, 0, 0, -1, -1, -1), AABB(0, 0, 0, -1, -1, -1), AABB(0, 0, 0, -1, -1, -1), AABB(0, 0, 0, -1, -1, -1), AABB(0, 0, 0, -1, -1, -1), AABB(0, 0, 0, -1, -1, -1), AABB(0, 0, 0, -1, -1, -1), AABB(0, 0, 0, -1, -1, -1), AABB(0, 0, 0, -1, -1, -1), AABB(0, 0, 0, -1, -1, -1), AABB(0, 0, 0, -1, -1, -1), AABB(0, 0, 0, -1, -1, -1), AABB(0, 0, 0, -1, -1, -1), AABB(0, 0, 0, -1, -1, -1), AABB(0, 0, 0, -1, -1, -1), AABB(0, 0, 0, -1, -1, -1), AABB(0, 0, 0, -1, -1, -1), AABB(-0.442935, 1.54064, -0.204507, 0.310307, 0.350271, 0.361256), AABB(0, 0, 0, -1, -1, -1), AABB(-0.442935, 1.54064, -0.204507, 0.310307, 0.350271, 0.361256)],
"format": 34493963319,
"index_count": 192,
"index_data": PackedByteArray(0, 0, 2, 0, 1, 0, 1, 0, 3, 0, 0, 0, 1, 0, 2, 0, 4, 0, 4, 0, 5, 0, 1, 0, 6, 0, 8, 0, 7, 0, 7, 0, 9, 0, 6, 0, 7, 0, 11, 0, 10, 0, 10, 0, 9, 0, 7, 0, 12, 0, 14, 0, 13, 0, 13, 0, 15, 0, 12, 0, 14, 0, 17, 0, 16, 0, 15, 0, 19, 0, 18, 0, 20, 0, 21, 0, 12, 0, 21, 0, 14, 0, 12, 0, 21, 0, 22, 0, 17, 0, 21, 0, 20, 0, 23, 0, 21, 0, 25, 0, 24, 0, 17, 0, 14, 0, 21, 0, 17, 0, 26, 0, 16, 0, 22, 0, 24, 0, 26, 0, 16, 0, 13, 0, 14, 0, 16, 0, 27, 0, 13, 0, 26, 0, 17, 0, 22, 0, 26, 0, 27, 0, 16, 0, 24, 0, 22, 0, 21, 0, 19, 0, 15, 0, 13, 0, 19, 0, 13, 0, 27, 0, 28, 0, 30, 0, 29, 0, 29, 0, 30, 0, 31, 0, 29, 0, 31, 0, 32, 0, 23, 0, 25, 0, 21, 0, 32, 0, 33, 0, 29, 0, 34, 0, 36, 0, 35, 0, 34, 0, 37, 0, 36, 0, 35, 0, 38, 0, 34, 0, 39, 0, 37, 0, 34, 0, 40, 0, 42, 0, 41, 0, 40, 0, 43, 0, 42, 0, 42, 0, 43, 0, 44, 0, 44, 0, 45, 0, 42, 0, 46, 0, 48, 0, 47, 0, 46, 0, 50, 0, 49, 0, 47, 0, 50, 0, 46, 0, 50, 0, 47, 0, 51, 0, 49, 0, 52, 0, 46, 0, 49, 0, 50, 0, 53, 0, 49, 0, 55, 0, 54, 0, 49, 0, 57, 0, 56, 0, 52, 0, 49, 0, 54, 0, 53, 0, 57, 0, 49, 0, 57, 0, 53, 0, 58, 0, 51, 0, 53, 0, 50, 0, 51, 0, 58, 0, 53, 0, 58, 0, 56, 0, 57, 0, 58, 0, 51, 0, 59, 0, 56, 0, 55, 0, 49, 0, 60, 0, 61, 0, 48, 0, 61, 0, 47, 0, 48, 0, 62, 0, 64, 0, 63, 0, 64, 0, 66, 0, 65, 0, 64, 0, 67, 0, 63, 0, 59, 0, 47, 0, 61, 0, 59, 0, 51, 0, 47, 0, 65, 0, 67, 0, 64, 0),
"material": SubResource("StandardMaterial3D_riebr"),
"name": "basecolor",
"primitive": 3,
"skin_data": PackedByteArray(27, 0, 29, 0, 5, 0, 4, 0, 0, 0, 0, 0, 0, 0, 0, 0, 89, 180, 90, 60, 8, 15, 66, 0, 0, 0, 0, 0, 0, 0, 0, 0, 27, 0, 29, 0, 5, 0, 4, 0, 0, 0, 0, 0, 0, 0, 0, 0, 177, 169, 117, 51, 137, 34, 78, 0, 0, 0, 0, 0, 0, 0, 0, 0, 27, 0, 5, 0, 29, 0, 4, 0, 0, 0, 0, 0, 0, 0, 0, 0, 166, 154, 226, 54, 43, 46, 74, 0, 0, 0, 0, 0, 0, 0, 0, 0, 27, 0, 29, 0, 5, 0, 4, 0, 0, 0, 0, 0, 0, 0, 0, 0, 163, 169, 29, 72, 251, 13, 66, 0, 0, 0, 0, 0, 0, 0, 0, 0, 27, 0, 29, 0, 5, 0, 4, 0, 0, 0, 0, 0, 0, 0, 0, 0, 232, 239, 112, 14, 98, 1, 67, 0, 0, 0, 0, 0, 0, 0, 0, 0, 27, 0, 29, 0, 4, 0, 0, 0, 0, 0, 0, 0, 0, 0, 0, 0, 216, 244, 226, 10, 67, 0, 0, 0, 0, 0, 0, 0, 0, 0, 0, 0, 27, 0, 29, 0, 5, 0, 4, 0, 0, 0, 0, 0, 0, 0, 0, 0, 31, 152, 173, 86, 236, 16, 68, 0, 0, 0, 0, 0, 0, 0, 0, 0, 27, 0, 5, 0, 29, 0, 4, 0, 0, 0, 0, 0, 0, 0, 0, 0, 166, 154, 226, 54, 43, 46, 74, 0, 0, 0, 0, 0, 0, 0, 0, 0, 27, 0, 29, 0, 5, 0, 4, 0, 0, 0, 0, 0, 0, 0, 0, 0, 232, 239, 112, 14, 98, 1, 67, 0, 0, 0, 0, 0, 0, 0, 0, 0, 27, 0, 29, 0, 5, 0, 4, 0, 0, 0, 0, 0, 0, 0, 0, 0, 97, 153, 27, 60, 52, 42, 77, 0, 0, 0, 0, 0, 0, 0, 0, 0, 27, 0, 29, 0, 5, 0, 4, 0, 0, 0, 0, 0, 0, 0, 0, 0, 230, 152, 8, 88, 202, 14, 70, 0, 0, 0, 0, 0, 0, 0, 0, 0, 27, 0, 29, 0, 5, 0, 4, 0, 0, 0, 0, 0, 0, 0, 0, 0, 89, 180, 90, 60, 8, 15, 66, 0, 0, 0, 0, 0, 0, 0, 0, 0, 27, 0, 5, 0, 29, 0, 4, 0, 0, 0, 0, 0, 0, 0, 0, 0, 236, 220, 193, 19, 249, 14, 88, 0, 0, 0, 0, 0, 0, 0, 0, 0, 27, 0, 29, 0, 5, 0, 4, 0, 0, 0, 0, 0, 0, 0, 0, 0, 85, 227, 196, 23, 155, 4, 74, 0, 0, 0, 0, 0, 0, 0, 0, 0, 27, 0, 29, 0, 5, 0, 4, 0, 0, 0, 0, 0, 0, 0, 0, 0, 126, 232, 129, 14, 175, 8, 79, 0, 0, 0, 0, 0, 0, 0, 0, 0, 27, 0, 29, 0, 5, 0, 4, 0, 0, 0, 0, 0, 0, 0, 0, 0, 3, 222, 239, 23, 191, 9, 76, 0, 0, 0, 0, 0, 0, 0, 0, 0, 27, 0, 29, 0, 5, 0, 4, 0, 0, 0, 0, 0, 0, 0, 0, 0, 172, 175, 118, 61, 139, 18, 80, 0, 0, 0, 0, 0, 0, 0, 0, 0, 27, 0, 29, 0, 5, 0, 4, 0, 0, 0, 0, 0, 0, 0, 0, 0, 21, 193, 222, 36, 174, 25, 91, 0, 0, 0, 0, 0, 0, 0, 0, 0, 27, 0, 29, 0, 5, 0, 4, 0, 0, 0, 0, 0, 0, 0, 0, 0, 163, 169, 29, 72, 251, 13, 66, 0, 0, 0, 0, 0, 0, 0, 0, 0, 27, 0, 29, 0, 5, 0, 4, 0, 0, 0, 0, 0, 0, 0, 0, 0, 89, 180, 90, 60, 8, 15, 66, 0, 0, 0, 0, 0, 0, 0, 0, 0, 27, 0, 29, 0, 5, 0, 4, 0, 0, 0, 0, 0, 0, 0, 0, 0, 140, 237, 24, 12, 16, 6, 73, 0, 0, 0, 0, 0, 0, 0, 0, 0, 27, 0, 29, 0, 5, 0, 4, 0, 0, 0, 0, 0, 0, 0, 0, 0, 108, 240, 247, 14, 83, 0, 72, 0, 0, 0, 0, 0, 0, 0, 0, 0, 27, 0, 29, 0, 5, 0, 4, 0, 0, 0, 0, 0, 0, 0, 0, 0, 173, 175, 179, 66, 77, 13, 80, 0, 0, 0, 0, 0, 0, 0, 0, 0, 27, 0, 29, 0, 4, 0, 0, 0, 0, 0, 0, 0, 0, 0, 0, 0, 216, 244, 226, 10, 67, 0, 0, 0, 0, 0, 0, 0, 0, 0, 0, 0, 27, 0, 29, 0, 5, 0, 4, 0, 0, 0, 0, 0, 0, 0, 0, 0, 31, 152, 173, 86, 236, 16, 68, 0, 0, 0, 0, 0, 0, 0, 0, 0, 27, 0, 29, 0, 5, 0, 4, 0, 0, 0, 0, 0, 0, 0, 0, 0, 232, 239, 112, 14, 98, 1, 67, 0, 0, 0, 0, 0, 0, 0, 0, 0, 27, 0, 29, 0, 5, 0, 4, 0, 0, 0, 0, 0, 0, 0, 0, 0, 97, 153, 27, 60, 52, 42, 77, 0, 0, 0, 0, 0, 0, 0, 0, 0, 27, 0, 29, 0, 5, 0, 4, 0, 0, 0, 0, 0, 0, 0, 0, 0, 230, 152, 8, 88, 202, 14, 70, 0, 0, 0, 0, 0, 0, 0, 0, 0, 27, 0, 29, 0, 4, 0, 0, 0, 0, 0, 0, 0, 0, 0, 0, 0, 216, 244, 226, 10, 67, 0, 0, 0, 0, 0, 0, 0, 0, 0, 0, 0, 27, 0, 29, 0, 5, 0, 4, 0, 0, 0, 0, 0, 0, 0, 0, 0, 177, 169, 117, 51, 137, 34, 78, 0, 0, 0, 0, 0, 0, 0, 0, 0, 27, 0, 29, 0, 5, 0, 4, 0, 0, 0, 0, 0, 0, 0, 0, 0, 140, 237, 24, 12, 16, 6, 73, 0, 0, 0, 0, 0, 0, 0, 0, 0, 27, 0, 5, 0, 29, 0, 4, 0, 0, 0, 0, 0, 0, 0, 0, 0, 236, 220, 193, 19, 249, 14, 88, 0, 0, 0, 0, 0, 0, 0, 0, 0, 27, 0, 29, 0, 5, 0, 4, 0, 0, 0, 0, 0, 0, 0, 0, 0, 3, 222, 239, 23, 191, 9, 76, 0, 0, 0, 0, 0, 0, 0, 0, 0, 27, 0, 29, 0, 5, 0, 4, 0, 0, 0, 0, 0, 0, 0, 0, 0, 163, 169, 29, 72, 251, 13, 66, 0, 0, 0, 0, 0, 0, 0, 0, 0, 6, 0, 8, 0, 5, 0, 4, 0, 0, 0, 0, 0, 0, 0, 0, 0, 177, 169, 117, 51, 137, 34, 78, 0, 0, 0, 0, 0, 0, 0, 0, 0, 6, 0, 8, 0, 5, 0, 4, 0, 0, 0, 0, 0, 0, 0, 0, 0, 89, 180, 90, 60, 8, 15, 66, 0, 0, 0, 0, 0, 0, 0, 0, 0, 6, 0, 5, 0, 8, 0, 4, 0, 0, 0, 0, 0, 0, 0, 0, 0, 166, 154, 226, 54, 43, 46, 74, 0, 0, 0, 0, 0, 0, 0, 0, 0, 6, 0, 8, 0, 5, 0, 4, 0, 0, 0, 0, 0, 0, 0, 0, 0, 232, 239, 112, 14, 98, 1, 67, 0, 0, 0, 0, 0, 0, 0, 0, 0, 6, 0, 8, 0, 5, 0, 4, 0, 0, 0, 0, 0, 0, 0, 0, 0, 163, 169, 29, 72, 251, 13, 66, 0, 0, 0, 0, 0, 0, 0, 0, 0, 6, 0, 8, 0, 4, 0, 0, 0, 0, 0, 0, 0, 0, 0, 0, 0, 216, 244, 226, 10, 67, 0, 0, 0, 0, 0, 0, 0, 0, 0, 0, 0, 6, 0, 8, 0, 5, 0, 4, 0, 0, 0, 0, 0, 0, 0, 0, 0, 31, 152, 173, 86, 236, 16, 68, 0, 0, 0, 0, 0, 0, 0, 0, 0, 6, 0, 8, 0, 5, 0, 4, 0, 0, 0, 0, 0, 0, 0, 0, 0, 232, 239, 112, 14, 98, 1, 67, 0, 0, 0, 0, 0, 0, 0, 0, 0, 6, 0, 5, 0, 8, 0, 4, 0, 0, 0, 0, 0, 0, 0, 0, 0, 166, 154, 226, 54, 43, 46, 74, 0, 0, 0, 0, 0, 0, 0, 0, 0, 6, 0, 8, 0, 5, 0, 4, 0, 0, 0, 0, 0, 0, 0, 0, 0, 97, 153, 27, 60, 52, 42, 77, 0, 0, 0, 0, 0, 0, 0, 0, 0, 6, 0, 8, 0, 5, 0, 4, 0, 0, 0, 0, 0, 0, 0, 0, 0, 230, 152, 8, 88, 202, 14, 70, 0, 0, 0, 0, 0, 0, 0, 0, 0, 6, 0, 8, 0, 5, 0, 4, 0, 0, 0, 0, 0, 0, 0, 0, 0, 89, 180, 90, 60, 8, 15, 66, 0, 0, 0, 0, 0, 0, 0, 0, 0, 6, 0, 5, 0, 8, 0, 4, 0, 0, 0, 0, 0, 0, 0, 0, 0, 236, 220, 193, 19, 249, 14, 88, 0, 0, 0, 0, 0, 0, 0, 0, 0, 6, 0, 8, 0, 5, 0, 4, 0, 0, 0, 0, 0, 0, 0, 0, 0, 85, 227, 196, 23, 155, 4, 74, 0, 0, 0, 0, 0, 0, 0, 0, 0, 6, 0, 8, 0, 5, 0, 4, 0, 0, 0, 0, 0, 0, 0, 0, 0, 3, 222, 239, 23, 191, 9, 76, 0, 0, 0, 0, 0, 0, 0, 0, 0, 6, 0, 8, 0, 5, 0, 4, 0, 0, 0, 0, 0, 0, 0, 0, 0, 108, 240, 247, 14, 83, 0, 72, 0, 0, 0, 0, 0, 0, 0, 0, 0, 6, 0, 8, 0, 5, 0, 4, 0, 0, 0, 0, 0, 0, 0, 0, 0, 126, 232, 129, 14, 175, 8, 79, 0, 0, 0, 0, 0, 0, 0, 0, 0, 6, 0, 8, 0, 5, 0, 4, 0, 0, 0, 0, 0, 0, 0, 0, 0, 172, 175, 118, 61, 139, 18, 80, 0, 0, 0, 0, 0, 0, 0, 0, 0, 6, 0, 8, 0, 5, 0, 4, 0, 0, 0, 0, 0, 0, 0, 0, 0, 140, 237, 24, 12, 16, 6, 73, 0, 0, 0, 0, 0, 0, 0, 0, 0, 6, 0, 8, 0, 5, 0, 4, 0, 0, 0, 0, 0, 0, 0, 0, 0, 21, 193, 222, 36, 174, 25, 91, 0, 0, 0, 0, 0, 0, 0, 0, 0, 6, 0, 8, 0, 4, 0, 0, 0, 0, 0, 0, 0, 0, 0, 0, 0, 216, 244, 226, 10, 67, 0, 0, 0, 0, 0, 0, 0, 0, 0, 0, 0, 6, 0, 8, 0, 5, 0, 4, 0, 0, 0, 0, 0, 0, 0, 0, 0, 232, 239, 112, 14, 98, 1, 67, 0, 0, 0, 0, 0, 0, 0, 0, 0, 6, 0, 8, 0, 5, 0, 4, 0, 0, 0, 0, 0, 0, 0, 0, 0, 31, 152, 173, 86, 236, 16, 68, 0, 0, 0, 0, 0, 0, 0, 0, 0, 6, 0, 8, 0, 5, 0, 4, 0, 0, 0, 0, 0, 0, 0, 0, 0, 173, 175, 179, 66, 77, 13, 80, 0, 0, 0, 0, 0, 0, 0, 0, 0, 6, 0, 8, 0, 5, 0, 4, 0, 0, 0, 0, 0, 0, 0, 0, 0, 97, 153, 27, 60, 52, 42, 77, 0, 0, 0, 0, 0, 0, 0, 0, 0, 6, 0, 8, 0, 5, 0, 4, 0, 0, 0, 0, 0, 0, 0, 0, 0, 230, 152, 8, 88, 202, 14, 70, 0, 0, 0, 0, 0, 0, 0, 0, 0, 6, 0, 8, 0, 5, 0, 4, 0, 0, 0, 0, 0, 0, 0, 0, 0, 163, 169, 29, 72, 251, 13, 66, 0, 0, 0, 0, 0, 0, 0, 0, 0, 6, 0, 8, 0, 5, 0, 4, 0, 0, 0, 0, 0, 0, 0, 0, 0, 89, 180, 90, 60, 8, 15, 66, 0, 0, 0, 0, 0, 0, 0, 0, 0, 6, 0, 8, 0, 4, 0, 0, 0, 0, 0, 0, 0, 0, 0, 0, 0, 216, 244, 226, 10, 67, 0, 0, 0, 0, 0, 0, 0, 0, 0, 0, 0, 6, 0, 8, 0, 5, 0, 4, 0, 0, 0, 0, 0, 0, 0, 0, 0, 140, 237, 24, 12, 16, 6, 73, 0, 0, 0, 0, 0, 0, 0, 0, 0, 6, 0, 8, 0, 5, 0, 4, 0, 0, 0, 0, 0, 0, 0, 0, 0, 177, 169, 117, 51, 137, 34, 78, 0, 0, 0, 0, 0, 0, 0, 0, 0, 6, 0, 8, 0, 5, 0, 4, 0, 0, 0, 0, 0, 0, 0, 0, 0, 3, 222, 239, 23, 191, 9, 76, 0, 0, 0, 0, 0, 0, 0, 0, 0, 6, 0, 8, 0, 5, 0, 4, 0, 0, 0, 0, 0, 0, 0, 0, 0, 163, 169, 29, 72, 251, 13, 66, 0, 0, 0, 0, 0, 0, 0, 0, 0, 6, 0, 5, 0, 8, 0, 4, 0, 0, 0, 0, 0, 0, 0, 0, 0, 236, 220, 193, 19, 249, 14, 88, 0, 0, 0, 0, 0, 0, 0, 0, 0),
"uv_scale": Vector4(0, 0, 0, 0),
"vertex_count": 68,
"vertex_data": PackedByteArray(68, 18, 81, 190, 185, 117, 199, 63, 29, 105, 68, 190, 39, 87, 56, 190, 88, 219, 216, 63, 105, 162, 110, 189, 29, 134, 104, 190, 199, 2, 216, 63, 171, 19, 55, 189, 158, 17, 43, 190, 248, 9, 198, 63, 78, 106, 81, 190, 240, 199, 59, 190, 216, 51, 197, 63, 247, 90, 16, 62, 176, 207, 7, 190, 102, 12, 198, 63, 175, 130, 32, 62, 88, 200, 226, 190, 242, 165, 214, 63, 9, 79, 143, 61, 29, 134, 104, 190, 199, 2, 216, 63, 171, 19, 55, 189, 240, 199, 59, 190, 216, 51, 197, 63, 247, 90, 16, 62, 196, 60, 220, 190, 87, 12, 229, 63, 137, 254, 44, 189, 162, 35, 216, 190, 171, 113, 217, 63, 225, 86, 15, 190, 68, 18, 81, 190, 185, 117, 199, 63, 29, 105, 68, 190, 115, 177, 54, 190, 15, 99, 232, 63, 110, 162, 110, 189, 29, 134, 104, 190, 133, 228, 222, 63, 130, 194, 17, 190, 105, 224, 102, 190, 126, 138, 231, 63, 176, 19, 55, 189, 228, 67, 52, 190, 20, 189, 223, 63, 50, 166, 31, 190, 162, 35, 216, 190, 25, 189, 231, 63, 226, 86, 15, 190, 196, 60, 220, 190, 138, 9, 242, 63, 133, 254, 44, 189, 158, 17, 43, 190, 248, 9, 198, 63, 78, 106, 81, 190, 68, 18, 81, 190, 185, 117, 199, 63, 29, 105, 68, 190, 9, 22, 46, 190, 25, 165, 222, 63, 170, 3, 178, 61, 253, 179, 99, 190, 66, 144, 220, 63, 60, 180, 145, 61, 88, 200, 226, 190, 97, 241, 228, 63, 7, 79, 143, 61, 176, 207, 7, 190, 102, 12, 198, 63, 175, 130, 32, 62, 88, 200, 226, 190, 242, 165, 214, 63, 9, 79, 143, 61, 240, 199, 59, 190, 216, 51, 197, 63, 247, 90, 16, 62, 196, 60, 220, 190, 87, 12, 229, 63, 137, 254, 44, 189, 162, 35, 216, 190, 171, 113, 217, 63, 225, 86, 15, 190, 176, 207, 7, 190, 102, 12, 198, 63, 175, 130, 32, 62, 39, 87, 56, 190, 88, 219, 216, 63, 105, 162, 110, 189, 9, 22, 46, 190, 25, 165, 222, 63, 170, 3, 178, 61, 115, 177, 54, 190, 15, 99, 232, 63, 110, 162, 110, 189, 228, 67, 52, 190, 20, 189, 223, 63, 50, 166, 31, 190, 158, 17, 43, 190, 248, 9, 198, 63, 78, 106, 81, 190, 39, 87, 56, 62, 88, 219, 216, 63, 105, 162, 110, 189, 68, 18, 81, 62, 185, 117, 199, 63, 29, 105, 68, 190, 29, 134, 104, 62, 199, 2, 216, 63, 171, 19, 55, 189, 240, 199, 59, 62, 216, 51, 197, 63, 247, 90, 16, 62, 158, 17, 43, 62, 248, 9, 198, 63, 78, 106, 81, 190, 176, 207, 7, 62, 102, 12, 198, 63, 175, 130, 32, 62, 88, 200, 226, 62, 242, 165, 214, 63, 9, 79, 143, 61, 240, 199, 59, 62, 216, 51, 197, 63, 247, 90, 16, 62, 29, 134, 104, 62, 199, 2, 216, 63, 171, 19, 55, 189, 196, 60, 220, 62, 87, 12, 229, 63, 137, 254, 44, 189, 162, 35, 216, 62, 171, 113, 217, 63, 225, 86, 15, 190, 68, 18, 81, 62, 185, 117, 199, 63, 29, 105, 68, 190, 115, 177, 54, 62, 15, 99, 232, 63, 110, 162, 110, 189, 29, 134, 104, 62, 133, 228, 222, 63, 130, 194, 17, 190, 228, 67, 52, 62, 20, 189, 223, 63, 50, 166, 31, 190, 253, 179, 99, 62, 66, 144, 220, 63, 60, 180, 145, 61, 105, 224, 102, 62, 126, 138, 231, 63, 176, 19, 55, 189, 162, 35, 216, 62, 25, 189, 231, 63, 226, 86, 15, 190, 9, 22, 46, 62, 25, 165, 222, 63, 170, 3, 178, 61, 196, 60, 220, 62, 138, 9, 242, 63, 133, 254, 44, 189, 176, 207, 7, 62, 102, 12, 198, 63, 175, 130, 32, 62, 240, 199, 59, 62, 216, 51, 197, 63, 247, 90, 16, 62, 88, 200, 226, 62, 242, 165, 214, 63, 9, 79, 143, 61, 88, 200, 226, 62, 97, 241, 228, 63, 7, 79, 143, 61, 196, 60, 220, 62, 87, 12, 229, 63, 137, 254, 44, 189, 162, 35, 216, 62, 171, 113, 217, 63, 225, 86, 15, 190, 158, 17, 43, 62, 248, 9, 198, 63, 78, 106, 81, 190, 68, 18, 81, 62, 185, 117, 199, 63, 29, 105, 68, 190, 176, 207, 7, 62, 102, 12, 198, 63, 175, 130, 32, 62, 9, 22, 46, 62, 25, 165, 222, 63, 170, 3, 178, 61, 39, 87, 56, 62, 88, 219, 216, 63, 105, 162, 110, 189, 228, 67, 52, 62, 20, 189, 223, 63, 50, 166, 31, 190, 158, 17, 43, 62, 248, 9, 198, 63, 78, 106, 81, 190, 115, 177, 54, 62, 15, 99, 232, 63, 110, 162, 110, 189, 66, 71, 213, 23, 29, 40, 229, 53, 246, 214, 212, 90, 202, 96, 32, 99, 93, 108, 236, 16, 210, 32, 204, 56, 62, 205, 128, 42, 23, 41, 244, 94, 77, 98, 157, 60, 182, 19, 146, 38, 194, 155, 108, 75, 98, 44, 240, 84, 134, 68, 199, 86, 117, 178, 196, 95, 93, 108, 236, 16, 74, 239, 55, 74, 77, 98, 157, 60, 71, 215, 70, 82, 39, 30, 234, 88, 75, 173, 48, 113, 163, 41, 184, 56, 192, 197, 252, 101, 66, 71, 213, 23, 95, 224, 50, 80, 12, 178, 231, 215, 85, 211, 76, 85, 217, 44, 250, 247, 124, 237, 116, 54, 229, 132, 252, 244, 224, 247, 150, 66, 114, 219, 55, 216, 145, 198, 78, 69, 114, 35, 29, 217, 40, 219, 124, 33, 88, 85, 14, 214, 54, 216, 138, 40, 62, 205, 128, 42, 131, 197, 47, 35, 66, 71, 213, 23, 17, 245, 48, 87, 217, 165, 186, 171, 250, 236, 12, 93, 89, 119, 120, 174, 23, 237, 198, 55, 42, 83, 195, 163, 96, 187, 159, 38, 194, 155, 108, 75, 113, 203, 14, 41, 134, 68, 199, 86, 100, 171, 185, 73, 77, 98, 157, 60, 66, 201, 160, 70, 39, 30, 234, 88, 81, 91, 42, 15, 163, 41, 184, 56, 8, 241, 254, 104, 194, 155, 108, 75, 36, 58, 37, 121, 246, 214, 212, 90, 228, 87, 70, 109, 217, 165, 186, 171, 170, 163, 65, 95, 12, 178, 231, 215, 101, 217, 217, 92, 114, 219, 55, 216, 100, 184, 132, 115, 62, 205, 128, 42, 96, 89, 194, 91, 8, 41, 212, 90, 52, 159, 222, 156, 188, 184, 213, 23, 225, 215, 25, 202, 161, 147, 236, 16, 44, 223, 50, 199, 177, 157, 157, 60, 73, 236, 108, 217, 192, 50, 128, 42, 231, 214, 10, 161, 60, 100, 108, 75, 156, 211, 14, 171, 120, 187, 199, 86, 137, 77, 58, 160, 177, 157, 157, 60, 183, 40, 184, 173, 161, 147, 236, 16, 180, 16, 199, 181, 215, 225, 234, 88, 179, 82, 206, 142, 91, 214, 184, 56, 62, 58, 2, 154, 188, 184, 213, 23, 159, 31, 204, 175, 242, 77, 231, 215, 169, 44, 178, 170, 37, 211, 250, 247, 130, 18, 138, 201, 140, 36, 55, 216, 109, 57, 176, 186, 165, 136, 120, 174, 231, 18, 56, 200, 25, 123, 252, 244, 30, 8, 104, 189, 140, 220, 29, 217, 214, 36, 130, 222, 37, 90, 186, 171, 4, 19, 242, 162, 166, 170, 14, 214, 200, 39, 116, 215, 60, 100, 108, 75, 141, 52, 240, 214, 177, 157, 157, 60, 188, 54, 94, 185, 120, 187, 199, 86, 154, 84, 69, 182, 212, 172, 195, 163, 158, 68, 95, 217, 215, 225, 234, 88, 173, 164, 212, 240, 91, 214, 184, 56, 246, 14, 0, 151, 192, 50, 128, 42, 123, 58, 207, 220, 188, 184, 213, 23, 237, 10, 206, 168, 60, 100, 108, 75, 218, 197, 217, 134, 37, 90, 186, 171, 84, 92, 189, 160, 8, 41, 212, 90, 26, 168, 184, 146, 140, 36, 55, 216, 154, 71, 122, 140, 192, 50, 128, 42, 158, 166, 60, 164, 242, 77, 231, 215, 153, 38, 37, 163)
}]
blend_shape_mode = 0

[sub_resource type="Skin" id="Skin_2p7cj"]
resource_name = "Skin"
bind_count = 60
bind/0/name = &"root.x"
bind/0/bone = -1
bind/0/pose = Transform3D(1, 5.83037e-09, 0.000241074, -5.82077e-09, 1, -3.9859e-08, -0.000241074, 3.98576e-08, 1, 1.14628e-05, -1.11651, 0.0471633)
bind/1/name = &"spine_01.x"
bind/1/bone = -1
bind/1/pose = Transform3D(0.999978, 0.000291451, 0.00659611, -5.73022e-09, 0.999026, -0.0441414, -0.00660255, 0.0441404, 0.999003, -1.4672e-05, -1.23543, -0.00223623)
bind/2/name = &"spine_02.x"
bind/2/bone = -1
bind/2/pose = Transform3D(1, -4.61091e-09, -2.38805e-07, -5.93231e-09, 0.999026, -0.0441311, 2.38776e-07, 0.0441311, 0.999026, 9.34202e-08, -1.3518, -0.00222235)
bind/3/name = &"spine_03.x"
bind/3/bone = -1
bind/3/pose = Transform3D(1, 5.85626e-09, -9.32337e-10, -5.89425e-09, 0.998849, -0.0479777, 6.50294e-10, 0.0479777, 0.998848, 9.28359e-08, -1.46817, -0.0078758)
bind/4/name = &"neck.x"
bind/4/bone = -1
bind/4/pose = Transform3D(0.999912, 0.00200904, -0.0130885, -6.05417e-09, 0.988424, 0.15172, 0.0132418, -0.151706, 0.988337, -0.0040479, -1.54529, 0.305672)
bind/5/name = &"head.x"
bind/5/bone = -1
bind/5/pose = Transform3D(1, 2.05542e-05, -0.000178807, -4.70602e-09, 0.993461, 0.114173, 0.000179985, -0.114173, 0.993461, -4.37026e-05, -1.6512, 0.243333)
bind/6/name = &"shoulder.l"
bind/6/bone = -1
bind/6/pose = Transform3D(-0.350898, -0.00192661, -0.936412, 0.936413, -1.40806e-07, -0.350899, 0.000675912, -0.999998, 0.00180415, 0.0483577, -0.0628507, 1.574)
bind/7/name = &"arm_stretch.l"
bind/7/bone = -1
bind/7/pose = Transform3D(-0.0347929, 0.0751933, -0.996562, 0.424439, -0.901658, -0.0828509, -0.904788, -0.425862, -0.000543718, -0.171392, 1.2871, 0.940876)
bind/8/name = &"arm_twist.l"
bind/8/bone = -1
bind/8/pose = Transform3D(-0.0352863, 0.0749606, -0.996562, 0.424437, -0.901659, -0.0828506, -0.90477, -0.425902, 1.37085e-07, -0.170878, 1.2871, 0.940967)
bind/9/name = &"forearm_stretch.l"
bind/9/bone = -1
bind/9/pose = Transform3D(0.127889, -0.27168, -0.953852, 0.406248, -0.863016, 0.300276, -0.904769, -0.425903, -6.88307e-07, 0.209575, 0.964603, 0.940968)
bind/10/name = &"forearm_twist.l"
bind/10/bone = -1
bind/10/pose = Transform3D(0.594399, -2.9254e-07, -0.80417, 0.406247, -0.863016, 0.300276, -0.694012, -0.505176, -0.512976, -0.329357, 0.800108, 0.906016)
bind/11/name = &"hand.l"
bind/11/bone = -1
bind/11/pose = Transform3D(-0.594814, -0.000301392, 0.803863, 0.406247, -0.863016, 0.300277, 0.693657, 0.505176, 0.513457, 0.329899, 0.635613, -0.905819)
bind/12/name = &"c_index1.l"
bind/12/bone = -1
bind/12/pose = Transform3D(-0.140508, 0.39328, 0.908619, -0.0189923, -0.918625, 0.394674, 0.989897, 0.0381979, 0.136543, -0.348742, 0.754949, -0.665488)
bind/13/name = &"c_index2.l"
bind/13/bone = -1
bind/13/pose = Transform3D(-0.213372, 0.375789, 0.901807, -0.272962, -0.909235, 0.3143, 0.938064, -0.179096, 0.296581, -0.288518, 0.850659, -0.482072)
bind/14/name = &"c_index3.l"
bind/14/bone = -1
bind/14/pose = Transform3D(-0.00511697, 0.371876, 0.928268, -0.375298, -0.86114, 0.342914, 0.92689, -0.346622, 0.143971, -0.416071, 0.813943, -0.32742)
bind/15/name = &"c_middle1.l"
bind/15/bone = -1
bind/15/pose = Transform3D(-0.163986, 0.154861, 0.974231, -0.093928, -0.985565, 0.140853, 0.981981, -0.0684097, 0.176165, -0.103774, 0.891354, -0.577963)
bind/16/name = &"c_middle2.l"
bind/16/bone = -1
bind/16/pose = Transform3D(-0.0415979, 0.207099, 0.977435, -0.10747, -0.973534, 0.201698, 0.993338, -0.096655, 0.0627539, -0.221971, 0.81567, -0.552992)
bind/17/name = &"c_middle3.l"
bind/17/bone = -1
bind/17/pose = Transform3D(-0.0805966, 0.118868, 0.989634, -0.213463, -0.971887, 0.0993515, 0.973621, -0.203242, 0.103704, -0.136043, 0.816164, -0.468842)
bind/18/name = &"c_pinky1.l"
bind/18/bone = -1
bind/18/pose = Transform3D(0.0236333, 0.00128816, 0.99972, 0.0593743, -0.998236, -0.000117362, 0.997956, 0.0593605, -0.0236681, -0.0111579, 0.784778, -0.655609)
bind/19/name = &"c_pinky2.l"
bind/19/bone = -1
bind/19/pose = Transform3D(-0.0128405, 0.053418, 0.99849, 0.110282, -0.992405, 0.0545107, 0.993818, 0.110816, 0.00685196, -0.0295623, 0.707051, -0.693091)
bind/20/name = &"c_pinky3.l"
bind/20/bone = -1
bind/20/pose = Transform3D(-0.0155895, 0.0276788, 0.999495, -0.22208, -0.974745, 0.0235296, 0.974904, -0.221601, 0.0213427, -0.00899909, 0.851339, -0.437732)
bind/21/name = &"c_ring1.l"
bind/21/bone = -1
bind/21/pose = Transform3D(0.043839, 0.131777, 0.99031, 0.00583931, -0.991279, 0.131648, 0.999022, 1.14313e-05, -0.0442262, -0.179803, 0.825017, -0.627743)
bind/22/name = &"c_ring2.l"
bind/22/bone = -1
bind/22/pose = Transform3D(-0.0340998, 0.147707, 0.988443, -0.249476, -0.958968, 0.134696, 0.967781, -0.241999, 0.06955, -0.142852, 0.890425, -0.427098)
bind/23/name = &"c_ring3.l"
bind/23/bone = -1
bind/23/pose = Transform3D(-0.197916, 0.191132, 0.961404, -0.183929, -0.970626, 0.155102, 0.962808, -0.146133, 0.227257, -0.0715246, 0.822396, -0.503562)
bind/24/name = &"c_thumb1.l"
bind/24/bone = -1
bind/24/pose = Transform3D(-0.670292, -0.6662, -0.326935, 0.0637166, -0.490593, 0.869056, -0.739357, 0.56169, 0.371289, 1.05321, 0.403272, -0.15224)
bind/25/name = &"c_thumb2.l"
bind/25/bone = -1
bind/25/pose = Transform3D(-0.988134, -0.149579, -0.0348843, 0.0585276, -0.576682, 0.81487, -0.142004, 0.803159, 0.578593, 0.711741, 0.409651, -0.748084)
bind/26/name = &"c_thumb3.l"
bind/26/bone = -1
bind/26/pose = Transform3D(-0.989093, -0.142637, -0.0367506, 0.0634698, -0.637875, 0.76752, -0.132919, 0.756816, 0.639971, 0.706184, 0.432483, -0.720107)
bind/27/name = &"shoulder.r"
bind/27/bone = -1
bind/27/pose = Transform3D(-0.350898, 0.00192643, 0.936412, -0.936413, -1.96632e-07, -0.350899, -0.000675798, -0.999998, 0.00180401, -0.0483575, -0.0628508, 1.574)
bind/28/name = &"arm_stretch.r"
bind/28/bone = -1
bind/28/pose = Transform3D(-0.0350649, -0.0750648, 0.996562, -0.424439, -0.901659, -0.0828505, 0.904777, -0.425885, -0.000243828, 0.171108, 1.2871, 0.940927)
bind/29/name = &"arm_twist.r"
bind/29/bone = -1
bind/29/pose = Transform3D(-0.0352857, -0.0749609, 0.996562, -0.424438, -0.901659, -0.0828506, 0.904769, -0.425902, -5.83668e-07, 0.170878, 1.2871, 0.940968)
bind/30/name = &"forearm_stretch.r"
bind/30/bone = -1
bind/30/pose = Transform3D(0.127889, 0.27168, 0.953852, -0.406248, -0.863016, 0.300276, 0.904769, -0.425902, -1.2382e-06, -0.209575, 0.964603, 0.940968)
bind/31/name = &"forearm_twist.r"
bind/31/bone = -1
bind/31/pose = Transform3D(0.594399, 6.64338e-08, 0.80417, -0.406248, -0.863016, 0.300276, 0.694012, -0.505176, -0.512976, 0.329358, 0.800107, 0.906016)
bind/32/name = &"hand.r"
bind/32/bone = -1
bind/32/pose = Transform3D(-0.594021, -0.000275899, -0.804449, -0.406247, -0.863016, 0.300277, -0.694336, 0.505176, 0.512537, -0.328864, 0.635612, -0.906196)
bind/33/name = &"c_index1.r"
bind/33/bone = -1
bind/33/pose = Transform3D(-0.140509, -0.393279, -0.908619, 0.0189927, -0.918625, 0.394673, -0.989897, 0.038198, 0.136544, 0.34874, 0.754949, -0.665488)
bind/34/name = &"c_index2.r"
bind/34/bone = -1
bind/34/pose = Transform3D(-0.213364, -0.375789, -0.901808, 0.272961, -0.909234, 0.314302, -0.938066, -0.179098, 0.296573, 0.288524, 0.850657, -0.482071)
bind/35/name = &"c_index3.r"
bind/35/bone = -1
bind/35/pose = Transform3D(-0.00511923, -0.371875, -0.928269, 0.375297, -0.86114, 0.342913, -0.92689, -0.346621, 0.143972, 0.416069, 0.813943, -0.327422)
bind/36/name = &"c_middle1.r"
bind/36/bone = -1
bind/36/pose = Transform3D(-0.163982, -0.154861, -0.974232, 0.0939281, -0.985565, 0.140853, -0.981981, -0.0684105, 0.176161, 0.103777, 0.891354, -0.577963)
bind/37/name = &"c_middle2.r"
bind/37/bone = -1
bind/37/pose = Transform3D(-0.0408696, -0.207029, -0.977481, 0.107471, -0.973534, 0.2017, -0.993367, -0.0968078, 0.0620376, 0.222377, 0.815671, -0.552828)
bind/38/name = &"c_middle3.r"
bind/38/bone = -1
bind/38/pose = Transform3D(-0.0805961, -0.118868, -0.989634, 0.213463, -0.971887, 0.0993515, -0.973621, -0.203242, 0.103704, 0.136043, 0.816164, -0.468843)
bind/39/name = &"c_pinky1.r"
bind/39/bone = -1
bind/39/pose = Transform3D(0.0236336, -0.00128855, -0.99972, -0.0593807, -0.998236, -0.00011714, -0.997956, 0.0593668, -0.0236684, 0.0111583, 0.784773, -0.655614)
bind/40/name = &"c_pinky2.r"
bind/40/bone = -1
bind/40/pose = Transform3D(-0.0128398, -0.0534182, -0.998489, -0.110282, -0.992405, 0.0545108, -0.993817, 0.110815, 0.00685119, 0.0295629, 0.70705, -0.693091)
bind/41/name = &"c_pinky3.r"
bind/41/bone = -1
bind/41/pose = Transform3D(-0.0155912, -0.0276793, -0.999495, 0.222082, -0.974744, 0.0235296, -0.974903, -0.221603, 0.0213445, 0.00899839, 0.851339, -0.437731)
bind/42/name = &"c_ring1.r"
bind/42/bone = -1
bind/42/pose = Transform3D(0.0437026, -0.131777, -0.990316, -0.00583776, -0.99128, 0.131648, -0.999027, 2.78835e-05, -0.0440908, 0.179717, 0.825018, -0.627766)
bind/43/name = &"c_ring2.r"
bind/43/bone = -1
bind/43/pose = Transform3D(-0.0340976, -0.147707, -0.988443, 0.249476, -0.958968, 0.134696, -0.967781, -0.242, 0.0695477, 0.142853, 0.890425, -0.427098)
bind/44/name = &"c_ring3.r"
bind/44/bone = -1
bind/44/pose = Transform3D(-0.197905, -0.191129, -0.961407, 0.183927, -0.970626, 0.155101, -0.962811, -0.146133, 0.227246, 0.0715291, 0.822395, -0.503563)
bind/45/name = &"c_thumb1.r"
bind/45/bone = -1
bind/45/pose = Transform3D(-0.670292, 0.6662, 0.326935, -0.0637166, -0.490594, 0.869056, 0.739357, 0.56169, 0.371289, -1.05321, 0.403273, -0.152239)
bind/46/name = &"c_thumb2.r"
bind/46/bone = -1
bind/46/pose = Transform3D(-0.988135, 0.149574, 0.0348764, -0.0585316, -0.576682, 0.814869, 0.141996, 0.80316, 0.578595, -0.711736, 0.409649, -0.748089)
bind/47/name = &"c_thumb3.r"
bind/47/bone = -1
bind/47/pose = Transform3D(-0.989091, 0.142642, 0.0367615, -0.0634649, -0.637875, 0.767521, 0.13293, 0.756815, 0.639969, -0.70619, 0.432485, -0.720099)
bind/48/name = &"thigh_stretch.l"
bind/48/bone = -1
bind/48/pose = Transform3D(0.0884825, 0.0473855, 0.994931, 0.12746, -0.991194, 0.0358721, 0.987887, 0.123642, -0.0937448, -0.00394663, 1.1073, -0.277059)
bind/49/name = &"leg_stretch.l"
bind/49/bone = -1
bind/49/pose = Transform3D(0.109433, -0.132933, 0.985047, 0.109637, -0.983354, -0.144885, 0.987927, 0.123855, -0.093039, 0.114077, 0.640372, -0.277191)
bind/50/name = &"foot.l"
bind/50/bone = -1
bind/50/pose = Transform3D(-0.999992, 0.00269122, -0.0019387, -0.00232674, -0.152633, 0.988264, 0.00236376, 0.988277, 0.152641, 0.259488, 0.144788, -0.0406294)
bind/51/name = &"toes_01.l"
bind/51/bone = -1
bind/51/pose = Transform3D(0.999946, 0.00616545, -0.00813675, 0.00820894, -0.0117954, 0.999879, 0.00606885, -0.999911, -0.0118456, -0.258626, -0.107884, 0.0237961)
bind/52/name = &"leg_twist.l"
bind/52/bone = -1
bind/52/pose = Transform3D(0.109431, -0.132933, 0.985047, 0.109637, -0.983354, -0.144885, 0.987928, 0.123854, -0.0930365, 0.114083, 0.326323, -0.277142)
bind/53/name = &"thigh_twist.l"
bind/53/bone = -1
bind/53/pose = Transform3D(0.0876035, 0.0472754, 0.995014, 0.127459, -0.991195, 0.0358721, 0.987966, 0.123683, -0.0928594, -0.00370006, 1.1073, -0.277061)
bind/54/name = &"thigh_stretch.r"
bind/54/bone = -1
bind/54/pose = Transform3D(0.0883994, -0.0473736, -0.994955, -0.127471, -0.991194, 0.035869, -0.987895, 0.123658, -0.0936599, 0.00392067, 1.1073, -0.277072)
bind/55/name = &"leg_stretch.r"
bind/55/bone = -1
bind/55/pose = Transform3D(0.109155, 0.132977, -0.985087, -0.109575, -0.983362, -0.144886, -0.987967, 0.123756, -0.0927682, -0.114161, 0.64039, -0.277119)
bind/56/name = &"foot.r"
bind/56/bone = -1
bind/56/pose = Transform3D(-0.999994, -0.00268463, 0.00192983, 0.00231697, -0.152628, 0.988279, -0.00235862, 0.98828, 0.152633, -0.25949, 0.144787, -0.0406294)
bind/57/name = &"toes_01.r"
bind/57/bone = -1
bind/57/pose = Transform3D(0.999948, -0.00616835, 0.00814668, -0.00821898, -0.0117911, 0.999894, -0.00607166, -0.999912, -0.0118412, 0.258626, -0.107888, 0.0237951)
bind/58/name = &"leg_twist.r"
bind/58/bone = -1
bind/58/pose = Transform3D(0.109713, 0.132907, -0.985035, -0.109575, -0.983362, -0.144886, -0.987905, 0.123831, -0.093325, -0.114008, 0.32634, -0.277155)
bind/59/name = &"thigh_twist.r"
bind/59/bone = -1
bind/59/pose = Transform3D(0.0880699, -0.0473324, -0.994986, -0.127471, -0.991194, 0.0358691, -0.987924, 0.123673, -0.093328, 0.00382829, 1.1073, -0.277073)

[sub_resource type="StandardMaterial3D" id="StandardMaterial3D_ra1cb"]
albedo_texture = ExtResource("1_kchad")

[sub_resource type="ArrayMesh" id="ArrayMesh_rkkbh"]
resource_name = "Root Scene_warrior"
_surfaces = [{
"aabb": AABB(-0.678727, -0.000565007, -0.264096, 1.35745, 1.95492, 0.517078),
